0.023566
0.058296
0.093314
0.150660
0.191423
0.252188
0.311749
0.351759
0.412581
0.462605
0.509679
0.552025
0.610792
0.650610
0.685231
0.746078
0.806858
0.864796
0.925530
0.963328
1.024228
1.059289
1.104681
1.143293
1.200673
1.261527
1.322450
1.354878
1.394968
1.429242
1.462253
1.512392
1.552158
1.591794
1.652650
1.691409
1.724499
1.766356
1.809802
1.855376
1.916209
1.949242
2.009954
2.055686
2.112248
2.152995
2.213843
2.252596
2.311247
2.352768
2.391487
2.424144
2.456324
2.517312
2.549312
2.585627
2.646468
2.684612
2.745463
2.806387
2.867129
2.901221
2.942682
2.981388
3.042217
3.091865
3.127060
3.169013
3.214971
3.257595
3.318428
3.350438
3.411318
3.461110
3.521795
3.558713
3.619556
3.652880
3.691001
3.725708
3.757786
3.792938
3.847929
3.908708
3.961416
3.999353
4.060223
4.121215
4.159354
4.220134
4.251457
4.285369
4.334983
4.391009
4.427554
4.470224
4.514450
4.547429
4.579747
4.624328
4.661509
4.722385
4.776151
4.816853
4.856503
4.917278
4.956214
5.016851
5.077738
5.126323
5.160707
5.221537
5.268067
5.304202
5.364970
5.425746
5.462208
5.521776
5.553191
5.591812
5.632926
5.669380
5.714321
5.750830
5.811707
5.863559
5.924176
5.973026
6.033688
6.068043
6.115816
6.162571
6.198810
6.259744
6.320800
6.360289
6.419682
6.457856
6.495509
