0.001481
0.044908
0.079555
0.114517
0.173764
0.212656
0.273433
0.332960
0.372959
0.433781
0.483814
0.530860
0.573237
0.631976
0.671811
0.706403
0.767281
0.828044
0.886002
0.946731
0.984509
1.045421
1.080499
1.125873
1.164497
1.221855
1.282728
1.343664
1.376047
1.416131
1.450433
1.483427
1.533561
1.573352
1.612972
1.673853
1.712563
1.745667
1.787537
1.830957
1.876550
1.937377
1.970480
2.031170
2.076923
2.133465
2.174274
2.235064
2.273850
2.332485
2.374011
2.412705
2.445362
2.477546
2.538542
2.570503
2.606807
2.667659
2.705790
2.766656
2.827562
2.888315
2.922376
2.963842
3.002555
3.063414
3.113046
3.148242
3.190194
3.236127
3.278764
3.339576
3.371601
3.432469
3.482280
3.542984
3.579885
3.640730
3.674068
3.712158
3.746865
3.778960
3.814085
3.869090
3.929877
3.982603
4.020507
4.081400
4.142372
4.180512
4.241293
4.272616
4.306510
4.356158
4.412172
4.448683
4.491361
4.535541
4.568581
4.600883
4.645447
4.682666
4.743526
4.797294
4.837978
4.877665
4.938397
4.977379
5.038019
5.098965
5.147510
5.181874
5.242733
5.289240
5.325352
5.386086
5.446891
5.483366
5.542985
5.574522
5.613187
5.654363
5.690736
5.735562
5.772033
5.832916
5.884800
5.945415
5.994316
6.054934
6.089266
6.137077
6.183845
6.220028
6.280977
6.342021
6.381524
6.440904
6.479083
