1867
1119
1153
3074
1487
3365
3260
1586
3373
2446
2193
1789
3195
1572
1124
3377
3369
3127
3365
1397
3381
1163
2048
1468
3077
3377
3380
935
1596
1098
987
2458
1569
1555
3378
1480
996
1748
1884
2068
3376
991
3360
2076
3004
1649
3368
1478
3182
1713
1472
955
913
3385
897
1270
3376
1428
3377
3382
3368
1080
1716
1479
3376
2408
1176
1755
2099
1815
3377
905
3381
2431
3364
1323
3377
1015
1426
1136
910
1173
2877
3372
2679
1413
3381
3389
1430
3373
845
1065
2416
2963
1293
1821
1954
993
931
1984
1352
3381
2773
1652
1562
3372
1502
3360
3381
2320
1106
3376
2147
1257
3372
3376
1287
3269
849
1456
1666
1261
1997
1283
3377
2603
3352
2342
3351
1098
2251
2159
1257
3381
3390
1541
3246
1427
1382
